%YAML:1.0
---
model_type: PINHOLE
camera_name: camera
image_width: 848
image_height: 480
distortion_parameters:
   k1: 7.5268878597545908e-03
   k2: 3.0722459792962821e-04
   p1: 2.4492061219695722e-03
   p2: -1.9784937309480386e-03
projection_parameters:
   fx: 4.2758178529339813e+02
   fy: 4.2912842875331836e+02
   cx: 4.1723668214330951e+02
   cy: 2.4449887299425120e+02

# New cam
#projection_parameters:
#   fx: 4.20109680175781e+02
#   fy: 4.20109680175781e+02
#   cx: 4.23252105712891e+02
#   cy: 2.3997087097168e+02




