%YAML:1.0
---
model_type: PINHOLE
camera_name: camera
image_width: 848
image_height: 480
distortion_parameters:
   k1: 6.8176549087983034e-03
   k2: 5.4926606187242892e-04
   p1: 2.7365989350408002e-03
   p2: -1.3327320267290564e-03
projection_parameters:
   fx: 4.2643785588391125e+02
   fy: 4.2836511121417800e+02
   cx: 4.1630387525167583e+02
   cy: 2.4325982114019621e+02
# New cam
#projection_parameters:
#   fx: 4.20109680175781e+02
#   fy: 4.20109680175781e+02
#   cx: 4.23252105712891e+02
#   cy: 2.3997087097168e+02





